1,0.2,0.250,0.440,0.380,0.410
0.2,1,0.370,0.330,0.290,0.320
0.250,0.370,1,0.290,0.220,0.280
0.440,0.330,0.290,1,0.410,0.360
0.380,0.290,0.220,0.410,1,0.490
0.410,0.320,0.280,0.360,0.490,1
